| x | v | u |
 0 0
0.00990099 0.0826521
0.019802 0.156598
0.029703 0.22266
0.039604 0.28158
0.049505 0.334031
0.0594059 0.380624
0.0693069 0.42191
0.0792079 0.45839
0.0891089 0.490516
0.0990099 0.5187
0.108911 0.543313
0.118812 0.564691
0.128713 0.58314
0.138614 0.598935
0.148515 0.612328
0.158416 0.623543
0.168317 0.632787
0.178218 0.640245
0.188119 0.646085
0.19802 0.650461
0.207921 0.65351
0.217822 0.655357
0.227723 0.656116
0.237624 0.655889
0.247525 0.654769
0.257426 0.65284
0.267327 0.650179
0.277228 0.646854
0.287129 0.642928
0.29703 0.638458
0.306931 0.633495
0.316832 0.628086
0.326733 0.622272
0.336634 0.616092
0.346535 0.60958
0.356436 0.602768
0.366337 0.595683
0.376238 0.588352
0.386139 0.580798
0.39604 0.573042
0.405941 0.565102
0.415842 0.556997
0.425743 0.548741
0.435644 0.540349
0.445545 0.531834
0.455446 0.523207
0.465347 0.514479
0.475248 0.50566
0.485149 0.496757
0.49505 0.48778
0.50495 0.478734
0.514851 0.469627
0.524752 0.460464
0.534653 0.45125
0.544554 0.441991
0.554455 0.43269
0.564356 0.423351
0.574257 0.413979
0.584158 0.404576
0.594059 0.395144
0.60396 0.385688
0.613861 0.376208
0.623762 0.366708
0.633663 0.357189
0.643564 0.347653
0.653465 0.338102
0.663366 0.328537
0.673267 0.318959
0.683168 0.309369
0.693069 0.29977
0.70297 0.29016
0.712871 0.280543
0.722772 0.270917
0.732673 0.261285
0.742574 0.251646
0.752475 0.242002
0.762376 0.232352
0.772277 0.222698
0.782178 0.213039
0.792079 0.203377
0.80198 0.193711
0.811881 0.184042
0.821782 0.17437
0.831683 0.164696
0.841584 0.155019
0.851485 0.14534
0.861386 0.135659
0.871287 0.125976
0.881188 0.116292
0.891089 0.106606
0.90099 0.0969191
0.910891 0.087231
0.920792 0.0775418
0.930693 0.0678516
0.940594 0.0581605
0.950495 0.0484687
0.960396 0.0387761
0.970297 0.0290829
0.980198 0.0193891
0.990099 0.00969481
1 0
