| N=100 | epsilon_max= -1.69224 | epsilon_tot=-169.224 | CPU-time:1e-05 | log_10(h)=-2.0086 |
| x | v | u |
 0 0 0
0.00990099 0.0826521 0.0843657
0.019802 0.156598 0.159845
0.029703 0.22266 0.227276
0.039604 0.28158 0.287418
0.049505 0.334031 0.340957
0.0594059 0.380624 0.388515
0.0693069 0.42191 0.430657
0.0792079 0.45839 0.467894
0.0891089 0.490516 0.500686
0.0990099 0.5187 0.529455
0.108911 0.543313 0.554578
0.118812 0.564691 0.576399
0.128713 0.58314 0.595231
0.138614 0.598935 0.611353
0.148515 0.612328 0.625023
0.158416 0.623543 0.636471
0.168317 0.632787 0.645906
0.178218 0.640245 0.653519
0.188119 0.646085 0.659481
0.19802 0.650461 0.663947
0.207921 0.65351 0.667059
0.217822 0.655357 0.668945
0.227723 0.656116 0.669719
0.237624 0.655889 0.669488
0.247525 0.654769 0.668344
0.257426 0.65284 0.666376
0.267327 0.650179 0.663659
0.277228 0.646854 0.660265
0.287129 0.642928 0.656258
0.29703 0.638458 0.651696
0.306931 0.633495 0.64663
0.316832 0.628086 0.641108
0.326733 0.622272 0.635174
0.336634 0.616092 0.628866
0.346535 0.60958 0.622219
0.356436 0.602768 0.615265
0.366337 0.595683 0.608034
0.376238 0.588352 0.600551
0.386139 0.580798 0.59284
0.39604 0.573042 0.584923
0.405941 0.565102 0.576819
0.415842 0.556997 0.568545
0.425743 0.548741 0.560118
0.435644 0.540349 0.551552
0.445545 0.531834 0.542861
0.455446 0.523207 0.534055
0.465347 0.514479 0.525146
0.475248 0.50566 0.516144
0.485149 0.496757 0.507057
0.49505 0.48778 0.497893
0.50495 0.478734 0.48866
0.514851 0.469627 0.479364
0.524752 0.460464 0.470011
0.534653 0.45125 0.460606
0.544554 0.441991 0.451155
0.554455 0.43269 0.441661
0.564356 0.423351 0.432129
0.574257 0.413979 0.422562
0.584158 0.404576 0.412964
0.594059 0.395144 0.403337
0.60396 0.385688 0.393685
0.613861 0.376208 0.384009
0.623762 0.366708 0.374311
0.633663 0.357189 0.364595
0.643564 0.347653 0.354861
0.653465 0.338102 0.345112
0.663366 0.328537 0.335348
0.673267 0.318959 0.325572
0.683168 0.309369 0.315784
0.693069 0.29977 0.305985
0.70297 0.29016 0.296176
0.712871 0.280543 0.286359
0.722772 0.270917 0.276534
0.732673 0.261285 0.266702
0.742574 0.251646 0.256864
0.752475 0.242002 0.247019
0.762376 0.232352 0.23717
0.772277 0.222698 0.227315
0.782178 0.213039 0.217456
0.792079 0.203377 0.207594
0.80198 0.193711 0.197727
0.811881 0.184042 0.187858
0.821782 0.17437 0.177985
0.831683 0.164696 0.16811
0.841584 0.155019 0.158233
0.851485 0.14534 0.148353
0.861386 0.135659 0.138471
0.871287 0.125976 0.128588
0.881188 0.116292 0.118703
0.891089 0.106606 0.108816
0.90099 0.0969191 0.0989286
0.910891 0.087231 0.0890396
0.920792 0.0775418 0.0791495
0.930693 0.0678516 0.0692584
0.940594 0.0581605 0.0593664
0.950495 0.0484687 0.0494736
0.960396 0.0387761 0.0395801
0.970297 0.0290829 0.0296859
0.980198 0.0193891 0.0197911
0.990099 0.00969481 0.00989582
1 0 5.88857e-18
