| x | v | u |
 0 0
0.000999001 0.00892341
0.001998 0.0177482
0.002997 0.0264754
0.003996 0.0351059
0.004995 0.0436407
0.00599401 0.0520807
0.00699301 0.060427
0.00799201 0.0686804
0.00899101 0.0768418
0.00999001 0.0849122
0.010989 0.0928924
0.011988 0.100783
0.012987 0.108586
0.013986 0.116301
0.014985 0.12393
0.015984 0.131473
0.016983 0.138931
0.017982 0.146305
0.018981 0.153595
0.01998 0.160804
0.020979 0.167931
0.021978 0.174977
0.022977 0.181943
0.023976 0.18883
0.024975 0.195638
0.025974 0.202369
0.026973 0.209023
0.027972 0.215601
0.028971 0.222104
0.02997 0.228532
0.030969 0.234887
0.031968 0.241168
0.032967 0.247377
0.033966 0.253514
0.034965 0.259581
0.035964 0.265577
0.036963 0.271504
0.037962 0.277362
0.038961 0.283152
0.03996 0.288874
0.040959 0.294529
0.041958 0.300119
0.042957 0.305643
0.043956 0.311102
0.044955 0.316497
0.045954 0.321828
0.046953 0.327097
0.047952 0.332303
0.048951 0.337447
0.04995 0.342531
0.0509491 0.347554
0.0519481 0.352517
0.0529471 0.357421
0.0539461 0.362266
0.0549451 0.367054
0.0559441 0.371783
0.0569431 0.376456
0.0579421 0.381073
0.0589411 0.385633
0.0599401 0.390139
0.0609391 0.39459
0.0619381 0.398986
0.0629371 0.403329
0.0639361 0.407619
0.0649351 0.411856
0.0659341 0.416042
0.0669331 0.420175
0.0679321 0.424258
0.0689311 0.42829
0.0699301 0.432273
0.0709291 0.436205
0.0719281 0.440089
0.0729271 0.443925
0.0739261 0.447712
0.0749251 0.451452
0.0759241 0.455144
0.0769231 0.45879
0.0779221 0.46239
0.0789211 0.465944
0.0799201 0.469453
0.0809191 0.472917
0.0819181 0.476337
0.0829171 0.479713
0.0839161 0.483045
0.0849151 0.486335
0.0859141 0.489581
0.0869131 0.492786
0.0879121 0.495949
0.0889111 0.49907
0.0899101 0.502151
0.0909091 0.505191
0.0919081 0.50819
0.0929071 0.511151
0.0939061 0.514071
0.0949051 0.516953
0.0959041 0.519797
0.0969031 0.522602
0.0979021 0.525369
0.0989011 0.528099
0.0999001 0.530792
0.100899 0.533448
0.101898 0.536068
0.102897 0.538652
0.103896 0.5412
0.104895 0.543713
0.105894 0.546191
0.106893 0.548635
0.107892 0.551045
0.108891 0.55342
0.10989 0.555762
0.110889 0.558071
0.111888 0.560347
0.112887 0.562591
0.113886 0.564802
0.114885 0.566981
0.115884 0.569129
0.116883 0.571246
0.117882 0.573331
0.118881 0.575386
0.11988 0.577411
0.120879 0.579405
0.121878 0.58137
0.122877 0.583306
0.123876 0.585212
0.124875 0.587089
0.125874 0.588938
0.126873 0.590759
0.127872 0.592551
0.128871 0.594316
0.12987 0.596053
0.130869 0.597764
0.131868 0.599447
0.132867 0.601103
0.133866 0.602734
0.134865 0.604338
0.135864 0.605916
0.136863 0.607469
0.137862 0.608996
0.138861 0.610498
0.13986 0.611976
0.140859 0.613428
0.141858 0.614857
0.142857 0.616261
0.143856 0.617642
0.144855 0.618999
0.145854 0.620332
0.146853 0.621642
0.147852 0.62293
0.148851 0.624194
0.14985 0.625436
0.150849 0.626656
0.151848 0.627854
0.152847 0.62903
0.153846 0.630185
0.154845 0.631318
0.155844 0.63243
0.156843 0.633521
0.157842 0.634591
0.158841 0.63564
0.15984 0.63667
0.160839 0.637679
0.161838 0.638668
0.162837 0.639637
0.163836 0.640587
0.164835 0.641518
0.165834 0.642429
0.166833 0.643322
0.167832 0.644195
0.168831 0.64505
0.16983 0.645887
0.170829 0.646705
0.171828 0.647506
0.172827 0.648288
0.173826 0.649053
0.174825 0.6498
0.175824 0.65053
0.176823 0.651243
0.177822 0.651939
0.178821 0.652618
0.17982 0.65328
0.180819 0.653926
0.181818 0.654556
0.182817 0.655169
0.183816 0.655766
0.184815 0.656348
0.185814 0.656913
0.186813 0.657464
0.187812 0.657999
0.188811 0.658518
0.18981 0.659023
0.190809 0.659512
0.191808 0.659987
0.192807 0.660447
0.193806 0.660893
0.194805 0.661325
0.195804 0.661742
0.196803 0.662145
0.197802 0.662534
0.198801 0.66291
0.1998 0.663272
0.200799 0.66362
0.201798 0.663955
0.202797 0.664276
0.203796 0.664585
0.204795 0.664881
0.205794 0.665163
0.206793 0.665433
0.207792 0.665691
0.208791 0.665936
0.20979 0.666168
0.210789 0.666389
0.211788 0.666597
0.212787 0.666794
0.213786 0.666978
0.214785 0.667151
0.215784 0.667312
0.216783 0.667461
0.217782 0.6676
0.218781 0.667726
0.21978 0.667842
0.220779 0.667947
0.221778 0.668041
0.222777 0.668123
0.223776 0.668196
0.224775 0.668257
0.225774 0.668308
0.226773 0.668349
0.227772 0.668379
0.228771 0.668399
0.22977 0.668409
0.230769 0.668409
0.231768 0.668399
0.232767 0.668379
0.233766 0.66835
0.234765 0.668311
0.235764 0.668262
0.236763 0.668204
0.237762 0.668136
0.238761 0.66806
0.23976 0.667974
0.240759 0.667879
0.241758 0.667775
0.242757 0.667663
0.243756 0.667541
0.244755 0.667411
0.245754 0.667272
0.246753 0.667125
0.247752 0.666969
0.248751 0.666805
0.24975 0.666633
0.250749 0.666452
0.251748 0.666263
0.252747 0.666067
0.253746 0.665862
0.254745 0.665649
0.255744 0.665429
0.256743 0.665201
0.257742 0.664965
0.258741 0.664722
0.25974 0.664471
0.260739 0.664213
0.261738 0.663947
0.262737 0.663674
0.263736 0.663394
0.264735 0.663107
0.265734 0.662813
0.266733 0.662512
0.267732 0.662204
0.268731 0.661889
0.26973 0.661567
0.270729 0.661239
0.271728 0.660903
0.272727 0.660562
0.273726 0.660214
0.274725 0.659859
0.275724 0.659498
0.276723 0.659131
0.277722 0.658757
0.278721 0.658377
0.27972 0.657991
0.280719 0.657599
0.281718 0.657201
0.282717 0.656797
0.283716 0.656387
0.284715 0.655972
0.285714 0.65555
0.286713 0.655123
0.287712 0.65469
0.288711 0.654252
0.28971 0.653808
0.290709 0.653358
0.291708 0.652903
0.292707 0.652443
0.293706 0.651977
0.294705 0.651506
0.295704 0.65103
0.296703 0.650549
0.297702 0.650062
0.298701 0.64957
0.2997 0.649074
0.300699 0.648572
0.301698 0.648066
0.302697 0.647554
0.303696 0.647038
0.304695 0.646517
0.305694 0.645992
0.306693 0.645461
0.307692 0.644926
0.308691 0.644387
0.30969 0.643842
0.310689 0.643294
0.311688 0.642741
0.312687 0.642183
0.313686 0.641621
0.314685 0.641055
0.315684 0.640484
0.316683 0.63991
0.317682 0.639331
0.318681 0.638748
0.31968 0.63816
0.320679 0.637569
0.321678 0.636974
0.322677 0.636375
0.323676 0.635771
0.324675 0.635164
0.325674 0.634553
0.326673 0.633938
0.327672 0.63332
0.328671 0.632697
0.32967 0.632071
0.330669 0.631441
0.331668 0.630808
0.332667 0.63017
0.333666 0.62953
0.334665 0.628886
0.335664 0.628238
0.336663 0.627587
0.337662 0.626932
0.338661 0.626274
0.33966 0.625612
0.340659 0.624948
0.341658 0.62428
0.342657 0.623608
0.343656 0.622934
0.344655 0.622256
0.345654 0.621575
0.346653 0.620891
0.347652 0.620204
0.348651 0.619514
0.34965 0.61882
0.350649 0.618124
0.351648 0.617425
0.352647 0.616722
0.353646 0.616017
0.354645 0.615309
0.355644 0.614598
0.356643 0.613884
0.357642 0.613167
0.358641 0.612448
0.35964 0.611726
0.360639 0.611001
0.361638 0.610273
0.362637 0.609543
0.363636 0.60881
0.364635 0.608075
0.365634 0.607336
0.366633 0.606596
0.367632 0.605852
0.368631 0.605106
0.36963 0.604358
0.370629 0.603607
0.371628 0.602854
0.372627 0.602099
0.373626 0.60134
0.374625 0.60058
0.375624 0.599817
0.376623 0.599052
0.377622 0.598285
0.378621 0.597515
0.37962 0.596743
0.380619 0.595969
0.381618 0.595193
0.382617 0.594414
0.383616 0.593633
0.384615 0.59285
0.385614 0.592065
0.386613 0.591278
0.387612 0.590489
0.388611 0.589698
0.38961 0.588904
0.390609 0.588109
0.391608 0.587312
0.392607 0.586512
0.393606 0.585711
0.394605 0.584908
0.395604 0.584102
0.396603 0.583295
0.397602 0.582486
0.398601 0.581675
0.3996 0.580863
0.400599 0.580048
0.401598 0.579232
0.402597 0.578414
0.403596 0.577594
0.404595 0.576772
0.405594 0.575949
0.406593 0.575124
0.407592 0.574297
0.408591 0.573468
0.40959 0.572638
0.410589 0.571806
0.411588 0.570973
0.412587 0.570137
0.413586 0.569301
0.414585 0.568462
0.415584 0.567622
0.416583 0.566781
0.417582 0.565938
0.418581 0.565093
0.41958 0.564247
0.420579 0.5634
0.421578 0.562551
0.422577 0.5617
0.423576 0.560848
0.424575 0.559995
0.425574 0.55914
0.426573 0.558284
0.427572 0.557426
0.428571 0.556567
0.42957 0.555707
0.430569 0.554845
0.431568 0.553982
0.432567 0.553117
0.433566 0.552252
0.434565 0.551384
0.435564 0.550516
0.436563 0.549646
0.437562 0.548776
0.438561 0.547903
0.43956 0.54703
0.440559 0.546155
0.441558 0.54528
0.442557 0.544403
0.443556 0.543524
0.444555 0.542645
0.445554 0.541764
0.446553 0.540883
0.447552 0.54
0.448551 0.539116
0.44955 0.538231
0.450549 0.537344
0.451548 0.536457
0.452547 0.535568
0.453546 0.534679
0.454545 0.533788
0.455544 0.532897
0.456543 0.532004
0.457542 0.53111
0.458541 0.530216
0.45954 0.52932
0.460539 0.528423
0.461538 0.527525
0.462537 0.526626
0.463536 0.525727
0.464535 0.524826
0.465534 0.523924
0.466533 0.523022
0.467532 0.522118
0.468531 0.521214
0.46953 0.520308
0.470529 0.519402
0.471528 0.518495
0.472527 0.517587
0.473526 0.516678
0.474525 0.515768
0.475524 0.514857
0.476523 0.513946
0.477522 0.513033
0.478521 0.51212
0.47952 0.511206
0.480519 0.510291
0.481518 0.509375
0.482517 0.508459
0.483516 0.507541
0.484515 0.506623
0.485514 0.505704
0.486513 0.504785
0.487512 0.503864
0.488511 0.502943
0.48951 0.502021
0.490509 0.501098
0.491508 0.500175
0.492507 0.499251
0.493506 0.498326
0.494505 0.4974
0.495504 0.496474
0.496503 0.495547
0.497502 0.494619
0.498501 0.49369
0.4995 0.492761
0.5005 0.491832
0.501499 0.490901
0.502498 0.48997
0.503497 0.489038
0.504496 0.488106
0.505495 0.487173
0.506494 0.486239
0.507493 0.485305
0.508492 0.48437
0.509491 0.483434
0.51049 0.482498
0.511489 0.481561
0.512488 0.480624
0.513487 0.479686
0.514486 0.478748
0.515485 0.477808
0.516484 0.476869
0.517483 0.475928
0.518482 0.474988
0.519481 0.474046
0.52048 0.473104
0.521479 0.472162
0.522478 0.471219
0.523477 0.470275
0.524476 0.469331
0.525475 0.468386
0.526474 0.467441
0.527473 0.466496
0.528472 0.465549
0.529471 0.464603
0.53047 0.463656
0.531469 0.462708
0.532468 0.46176
0.533467 0.460811
0.534466 0.459862
0.535465 0.458912
0.536464 0.457962
0.537463 0.457012
0.538462 0.456061
0.539461 0.455109
0.54046 0.454157
0.541459 0.453205
0.542458 0.452252
0.543457 0.451299
0.544456 0.450345
0.545455 0.449391
0.546454 0.448437
0.547453 0.447482
0.548452 0.446526
0.549451 0.445571
0.55045 0.444615
0.551449 0.443658
0.552448 0.442701
0.553447 0.441744
0.554446 0.440786
0.555445 0.439828
0.556444 0.438869
0.557443 0.43791
0.558442 0.436951
0.559441 0.435991
0.56044 0.435031
0.561439 0.434071
0.562438 0.43311
0.563437 0.432149
0.564436 0.431187
0.565435 0.430225
0.566434 0.429263
0.567433 0.4283
0.568432 0.427338
0.569431 0.426374
0.57043 0.425411
0.571429 0.424447
0.572428 0.423483
0.573427 0.422518
0.574426 0.421553
0.575425 0.420588
0.576424 0.419622
0.577423 0.418657
0.578422 0.417691
0.579421 0.416724
0.58042 0.415757
0.581419 0.41479
0.582418 0.413823
0.583417 0.412855
0.584416 0.411887
0.585415 0.410919
0.586414 0.409951
0.587413 0.408982
0.588412 0.408013
0.589411 0.407043
0.59041 0.406074
0.591409 0.405104
0.592408 0.404134
0.593407 0.403163
0.594406 0.402193
0.595405 0.401222
0.596404 0.400251
0.597403 0.399279
0.598402 0.398307
0.599401 0.397335
0.6004 0.396363
0.601399 0.395391
0.602398 0.394418
0.603397 0.393445
0.604396 0.392472
0.605395 0.391498
0.606394 0.390525
0.607393 0.389551
0.608392 0.388577
0.609391 0.387602
0.61039 0.386628
0.611389 0.385653
0.612388 0.384678
0.613387 0.383703
0.614386 0.382727
0.615385 0.381752
0.616384 0.380776
0.617383 0.3798
0.618382 0.378823
0.619381 0.377847
0.62038 0.37687
0.621379 0.375893
0.622378 0.374916
0.623377 0.373939
0.624376 0.372962
0.625375 0.371984
0.626374 0.371006
0.627373 0.370028
0.628372 0.36905
0.629371 0.368071
0.63037 0.367093
0.631369 0.366114
0.632368 0.365135
0.633367 0.364156
0.634366 0.363176
0.635365 0.362197
0.636364 0.361217
0.637363 0.360237
0.638362 0.359257
0.639361 0.358277
0.64036 0.357297
0.641359 0.356316
0.642358 0.355335
0.643357 0.354355
0.644356 0.353374
0.645355 0.352392
0.646354 0.351411
0.647353 0.35043
0.648352 0.349448
0.649351 0.348466
0.65035 0.347484
0.651349 0.346502
0.652348 0.34552
0.653347 0.344537
0.654346 0.343555
0.655345 0.342572
0.656344 0.341589
0.657343 0.340606
0.658342 0.339623
0.659341 0.33864
0.66034 0.337657
0.661339 0.336673
0.662338 0.33569
0.663337 0.334706
0.664336 0.333722
0.665335 0.332738
0.666334 0.331754
0.667333 0.330769
0.668332 0.329785
0.669331 0.328801
0.67033 0.327816
0.671329 0.326831
0.672328 0.325846
0.673327 0.324861
0.674326 0.323876
0.675325 0.322891
0.676324 0.321905
0.677323 0.32092
0.678322 0.319934
0.679321 0.318949
0.68032 0.317963
0.681319 0.316977
0.682318 0.315991
0.683317 0.315005
0.684316 0.314018
0.685315 0.313032
0.686314 0.312045
0.687313 0.311059
0.688312 0.310072
0.689311 0.309085
0.69031 0.308099
0.691309 0.307112
0.692308 0.306124
0.693307 0.305137
0.694306 0.30415
0.695305 0.303163
0.696304 0.302175
0.697303 0.301188
0.698302 0.3002
0.699301 0.299212
0.7003 0.298224
0.701299 0.297236
0.702298 0.296248
0.703297 0.29526
0.704296 0.294272
0.705295 0.293284
0.706294 0.292295
0.707293 0.291307
0.708292 0.290318
0.709291 0.28933
0.71029 0.288341
0.711289 0.287352
0.712288 0.286363
0.713287 0.285374
0.714286 0.284385
0.715285 0.283396
0.716284 0.282407
0.717283 0.281418
0.718282 0.280428
0.719281 0.279439
0.72028 0.27845
0.721279 0.27746
0.722278 0.27647
0.723277 0.275481
0.724276 0.274491
0.725275 0.273501
0.726274 0.272511
0.727273 0.271521
0.728272 0.270531
0.729271 0.269541
0.73027 0.268551
0.731269 0.26756
0.732268 0.26657
0.733267 0.26558
0.734266 0.264589
0.735265 0.263599
0.736264 0.262608
0.737263 0.261617
0.738262 0.260627
0.739261 0.259636
0.74026 0.258645
0.741259 0.257654
0.742258 0.256663
0.743257 0.255672
0.744256 0.254681
0.745255 0.25369
0.746254 0.252699
0.747253 0.251707
0.748252 0.250716
0.749251 0.249725
0.75025 0.248733
0.751249 0.247742
0.752248 0.24675
0.753247 0.245759
0.754246 0.244767
0.755245 0.243775
0.756244 0.242784
0.757243 0.241792
0.758242 0.2408
0.759241 0.239808
0.76024 0.238816
0.761239 0.237824
0.762238 0.236832
0.763237 0.23584
0.764236 0.234848
0.765235 0.233856
0.766234 0.232863
0.767233 0.231871
0.768232 0.230879
0.769231 0.229886
0.77023 0.228894
0.771229 0.227901
0.772228 0.226909
0.773227 0.225916
0.774226 0.224924
0.775225 0.223931
0.776224 0.222938
0.777223 0.221946
0.778222 0.220953
0.779221 0.21996
0.78022 0.218967
0.781219 0.217974
0.782218 0.216981
0.783217 0.215988
0.784216 0.214995
0.785215 0.214002
0.786214 0.213009
0.787213 0.212016
0.788212 0.211023
0.789211 0.21003
0.79021 0.209037
0.791209 0.208043
0.792208 0.20705
0.793207 0.206057
0.794206 0.205063
0.795205 0.20407
0.796204 0.203076
0.797203 0.202083
0.798202 0.201089
0.799201 0.200096
0.8002 0.199102
0.801199 0.198108
0.802198 0.197115
0.803197 0.196121
0.804196 0.195127
0.805195 0.194134
0.806194 0.19314
0.807193 0.192146
0.808192 0.191152
0.809191 0.190158
0.81019 0.189164
0.811189 0.18817
0.812188 0.187176
0.813187 0.186182
0.814186 0.185188
0.815185 0.184194
0.816184 0.1832
0.817183 0.182206
0.818182 0.181212
0.819181 0.180218
0.82018 0.179223
0.821179 0.178229
0.822178 0.177235
0.823177 0.176241
0.824176 0.175246
0.825175 0.174252
0.826174 0.173258
0.827173 0.172263
0.828172 0.171269
0.829171 0.170274
0.83017 0.16928
0.831169 0.168285
0.832168 0.167291
0.833167 0.166296
0.834166 0.165302
0.835165 0.164307
0.836164 0.163313
0.837163 0.162318
0.838162 0.161323
0.839161 0.160329
0.84016 0.159334
0.841159 0.158339
0.842158 0.157344
0.843157 0.15635
0.844156 0.155355
0.845155 0.15436
0.846154 0.153365
0.847153 0.15237
0.848152 0.151376
0.849151 0.150381
0.85015 0.149386
0.851149 0.148391
0.852148 0.147396
0.853147 0.146401
0.854146 0.145406
0.855145 0.144411
0.856144 0.143416
0.857143 0.142421
0.858142 0.141426
0.859141 0.140431
0.86014 0.139435
0.861139 0.13844
0.862138 0.137445
0.863137 0.13645
0.864136 0.135455
0.865135 0.13446
0.866134 0.133464
0.867133 0.132469
0.868132 0.131474
0.869131 0.130479
0.87013 0.129483
0.871129 0.128488
0.872128 0.127493
0.873127 0.126497
0.874126 0.125502
0.875125 0.124507
0.876124 0.123511
0.877123 0.122516
0.878122 0.12152
0.879121 0.120525
0.88012 0.11953
0.881119 0.118534
0.882118 0.117539
0.883117 0.116543
0.884116 0.115548
0.885115 0.114552
0.886114 0.113557
0.887113 0.112561
0.888112 0.111565
0.889111 0.11057
0.89011 0.109574
0.891109 0.108579
0.892108 0.107583
0.893107 0.106587
0.894106 0.105592
0.895105 0.104596
0.896104 0.103601
0.897103 0.102605
0.898102 0.101609
0.899101 0.100613
0.9001 0.0996177
0.901099 0.098622
0.902098 0.0976262
0.903097 0.0966305
0.904096 0.0956347
0.905095 0.0946389
0.906094 0.0936431
0.907093 0.0926473
0.908092 0.0916515
0.909091 0.0906557
0.91009 0.0896599
0.911089 0.088664
0.912088 0.0876682
0.913087 0.0866723
0.914086 0.0856764
0.915085 0.0846805
0.916084 0.0836846
0.917083 0.0826887
0.918082 0.0816928
0.919081 0.0806968
0.92008 0.0797009
0.921079 0.078705
0.922078 0.077709
0.923077 0.076713
0.924076 0.075717
0.925075 0.074721
0.926074 0.073725
0.927073 0.072729
0.928072 0.071733
0.929071 0.070737
0.93007 0.0697409
0.931069 0.0687449
0.932068 0.0677488
0.933067 0.0667528
0.934066 0.0657567
0.935065 0.0647606
0.936064 0.0637645
0.937063 0.0627684
0.938062 0.0617723
0.939061 0.0607762
0.94006 0.0597801
0.941059 0.0587839
0.942058 0.0577878
0.943057 0.0567916
0.944056 0.0557955
0.945055 0.0547993
0.946054 0.0538031
0.947053 0.052807
0.948052 0.0518108
0.949051 0.0508146
0.95005 0.0498184
0.951049 0.0488222
0.952048 0.0478259
0.953047 0.0468297
0.954046 0.0458335
0.955045 0.0448372
0.956044 0.043841
0.957043 0.0428447
0.958042 0.0418485
0.959041 0.0408522
0.96004 0.0398559
0.961039 0.0388596
0.962038 0.0378633
0.963037 0.0368671
0.964036 0.0358707
0.965035 0.0348744
0.966034 0.0338781
0.967033 0.0328818
0.968032 0.0318855
0.969031 0.0308891
0.97003 0.0298928
0.971029 0.0288965
0.972028 0.0279001
0.973027 0.0269037
0.974026 0.0259074
0.975025 0.024911
0.976024 0.0239146
0.977023 0.0229182
0.978022 0.0219219
0.979021 0.0209255
0.98002 0.0199291
0.981019 0.0189327
0.982018 0.0179363
0.983017 0.0169398
0.984016 0.0159434
0.985015 0.014947
0.986014 0.0139506
0.987013 0.0129541
0.988012 0.0119577
0.989011 0.0109612
0.99001 0.00996478
0.991009 0.00896833
0.992008 0.00797187
0.993007 0.0069754
0.994006 0.00597893
0.995005 0.00498245
0.996004 0.00398597
0.997003 0.00298948
0.998002 0.00199299
0.999001 0.0009965
1 0
